// Stock Price
// Date,Open,High,Low,Close,Volume
[["2012-03-01",15.21,15.43,15.15,15.25,11248600],
 ["2012-02-29",15.38,15.64,15.14,15.15,17229900],
 ["2012-02-28",15.47,15.65,15.17,15.33,17497100],
 ["2012-02-27",15.59,15.66,15.25,15.47,18631700],
 ["2012-02-24",15.96,15.98,15.72,15.79,9166700],
 ["2012-02-23",15.85,16.00,15.60,15.91,8099200],
 ["2012-02-22",15.85,16.24,15.80,15.82,12310800],
 ["2012-02-21",15.84,16.32,15.81,15.93,12954400],
 ["2012-02-17",16.46,16.57,15.70,15.85,25509000],
 ["2012-02-16",15.06,16.58,15.00,16.45,47214700],
 ["2012-02-15",16.39,16.90,16.13,16.17,27724200],
 ["2012-02-14",16.15,16.38,16.01,16.24,11343900],
 ["2012-02-13",16.30,16.36,15.82,16.15,15266700],
 ["2012-02-10",16.14,16.20,15.81,15.90,11006700],
 ["2012-02-09",16.51,16.60,16.27,16.30,14048600],
 ["2012-02-08",15.74,16.62,15.66,16.31,21190300],
 ["2012-02-07",15.72,15.83,15.46,15.74,10257400],
 ["2012-02-06",15.74,15.76,15.56,15.70,6971700],
 ["2012-02-03",15.72,15.95,15.69,15.82,12380800],
 ["2012-02-02",15.01,15.55,14.86,15.49,17405900],
 ["2012-02-01",14.94,15.10,14.73,14.93,10700500],
 ["2012-01-31",14.84,14.85,14.51,14.77,8963200],
 ["2012-01-30",14.65,14.87,14.43,14.80,9966200],
 ["2012-01-27",14.62,14.99,14.50,14.91,11249900],
 ["2012-01-26",15.07,15.24,14.63,14.71,19991800],
 ["2012-01-25",14.54,14.89,14.12,14.85,31853800],
 ["2012-01-24",14.51,15.00,14.50,14.94,18200600],
 ["2012-01-23",14.23,14.62,14.05,14.61,14069800],
 ["2012-01-20",14.33,14.50,14.17,14.22,13656800],
 ["2012-01-19",14.10,14.37,13.95,14.35,15207800],
 ["2012-01-18",13.78,14.09,13.71,13.98,15816900],
 ["2012-01-17",13.94,13.94,13.50,13.52,15679400],
 ["2012-01-13",14.00,14.03,13.66,13.73,12607500],
 ["2012-01-12",14.22,14.23,13.79,14.10,16309100],
 ["2012-01-11",14.35,14.48,14.13,14.19,12106800],
 ["2012-01-10",14.76,14.77,14.38,14.48,13658200],
 ["2012-01-09",14.55,14.82,14.44,14.54,12706100],
 ["2012-01-06",14.70,14.71,14.37,14.54,13331300],
 ["2012-01-05",14.13,14.78,14.07,14.71,14088700],
 ["2012-01-04",14.05,14.26,13.92,14.20,8684300],
 ["2012-01-03",14.30,14.40,14.01,14.04,11701100],
 ["2011-12-30",13.92,14.07,13.84,13.86,4673900],
 ["2011-12-29",13.85,14.00,13.65,13.97,5277800],
 ["2011-12-28",14.06,14.09,13.70,13.71,5849000],
 ["2011-12-27",14.11,14.28,14.02,14.06,4892800],
 ["2011-12-23",14.38,14.40,14.05,14.17,6223700],
 ["2011-12-22",13.76,14.35,13.76,14.31,14414000],
 ["2011-12-21",13.82,13.97,13.45,13.72,13710600],
 ["2011-12-20",13.46,13.95,13.46,13.90,11130200],
 ["2011-12-19",13.57,13.73,13.11,13.16,11581900],
 ["2011-12-16",13.57,13.83,13.45,13.51,15477900],
 ["2011-12-15",13.81,13.90,13.43,13.46,10878700],
 ["2011-12-14",14.01,14.09,13.43,13.58,15900500],
 ["2011-12-13",14.72,14.90,14.04,14.13,12914900],
 ["2011-12-12",14.58,14.64,14.26,14.53,14330200],
 ["2011-12-09",14.58,15.02,14.38,14.90,13896000],
 ["2011-12-08",15.02,15.27,14.64,14.69,12287200],
 ["2011-12-07",15.16,15.28,14.85,15.17,12750400],
 ["2011-12-06",15.57,15.60,15.10,15.26,14345800],
 ["2011-12-05",15.98,16.00,15.35,15.48,16117400],
 ["2011-12-02",15.99,16.05,15.57,15.72,13661600],
 ["2011-12-01",15.50,15.86,15.43,15.82,13244000],
 ["2011-11-30",15.36,15.67,15.23,15.63,18258100],
 ["2011-11-29",14.81,15.10,14.67,14.91,15586000],
 ["2011-11-28",14.50,15.05,14.50,14.83,17265400],
 ["2011-11-25",14.25,14.58,14.00,14.04,10165500],
 ["2011-11-23",14.92,15.03,14.43,14.44,20633500],
 ["2011-11-22",14.79,15.16,14.71,15.08,32187000],
 ["2011-11-21",13.71,14.77,13.50,14.63,33269700],
 ["2011-11-18",14.14,14.14,13.78,13.93,12533800],
 ["2011-11-17",14.55,14.59,13.80,14.06,16437600],
 ["2011-11-16",14.60,14.99,14.53,14.58,12810500],
 ["2011-11-15",14.55,14.99,14.51,14.88,12641500],
 ["2011-11-14",14.98,15.13,14.65,14.69,12507300],
 ["2011-11-11",14.88,15.10,14.07,14.98,43789000],
 ["2011-11-10",14.67,14.82,14.11,14.47,24762100],
 ["2011-11-09",14.73,14.92,14.26,14.32,13306100],
 ["2011-11-08",14.93,15.17,14.69,15.08,13743200],
 ["2011-11-07",14.71,14.96,14.40,14.74,15338400],
 ["2011-11-04",14.52,14.87,14.29,14.82,16371000],
 ["2011-11-03",13.97,14.68,13.60,14.65,18734300],
 ["2011-11-02",14.20,14.27,13.53,13.82,24052400],
 ["2011-11-01",14.26,14.30,13.92,14.06,19770600],
 ["2011-10-31",15.10,15.19,14.80,14.80,12999600],
 ["2011-10-28",15.12,15.74,15.08,15.60,12253900],
 ["2011-10-27",15.16,15.40,14.82,15.25,14443300],
 ["2011-10-26",14.73,14.81,14.20,14.62,12577900],
 ["2011-10-25",14.81,14.93,14.42,14.45,14449900],
 ["2011-10-24",14.54,15.25,14.51,15.02,13381400],
 ["2011-10-21",14.59,14.83,14.24,14.48,15710700],
 ["2011-10-20",14.76,14.82,13.84,14.41,24757700],
 ["2011-10-19",15.50,15.77,15.13,15.17,13939200],
 ["2011-10-18",14.86,15.52,14.77,15.48,14772900],
 ["2011-10-17",15.54,15.54,14.86,14.94,15294500],
 ["2011-10-14",15.73,15.89,15.34,15.72,17561300],
 ["2011-10-13",14.54,15.49,14.50,15.46,21370800],
 ["2011-10-12",14.90,14.91,14.60,14.61,15301600],
 ["2011-10-11",14.66,14.90,14.57,14.62,20402000],
 ["2011-10-10",14.39,14.78,14.36,14.78,13359400],
 ["2011-10-07",13.95,14.36,13.66,14.15,20174400],
 ["2011-10-06",13.43,13.93,13.41,13.89,19329800],
 ["2011-10-05",12.87,13.48,12.61,13.36,21417700],
 ["2011-10-04",11.52,12.90,11.47,12.90,34038700],
 ["2011-10-03",12.35,12.74,11.81,11.81,23747400],
 ["2011-09-30",12.88,12.95,12.49,12.51,16944600],
 ["2011-09-29",13.66,13.89,12.75,13.09,21660400],
 ["2011-09-28",13.87,14.22,13.20,13.42,30913300],
 ["2011-09-27",14.17,14.29,13.73,13.84,19534700],
 ["2011-09-26",13.96,14.00,13.20,13.82,24303100],
 ["2011-09-23",13.43,14.18,13.35,13.79,25286000],
 ["2011-09-22",13.90,13.92,13.25,13.51,32865800],
 ["2011-09-21",14.83,15.09,14.46,14.47,17881300],
 ["2011-09-20",15.33,15.39,14.68,14.75,19810900],
 ["2011-09-19",15.20,15.31,14.75,15.14,24205100],
 ["2011-09-16",15.53,16.10,15.38,15.46,34789700],
 ["2011-09-15",15.62,15.70,15.36,15.50,18822700],
 ["2011-09-14",14.91,15.47,14.90,15.28,38679800],
 ["2011-09-13",14.33,14.60,14.11,14.53,21345900],
 ["2011-09-12",13.69,14.33,13.69,14.21,22912000],
 ["2011-09-09",14.06,14.44,13.76,13.88,21745700],
 ["2011-09-08",14.11,14.45,13.95,14.18,22004100],
 ["2011-09-07",14.25,14.64,13.86,14.25,40165500],
 ["2011-09-06",12.50,13.21,12.38,13.18,17406200],
 ["2011-09-02",12.98,13.16,12.82,12.92,11783900],
 ["2011-09-01",13.49,13.78,13.27,13.28,19057800],
 ["2011-08-31",13.78,13.92,13.20,13.31,17645200],
 ["2011-08-30",13.27,13.79,13.18,13.68,17119000],
 ["2011-08-29",13.38,13.41,13.07,13.36,15038200],
 ["2011-08-26",12.43,13.14,12.21,13.01,18316500],
 ["2011-08-25",12.78,13.01,12.46,12.48,17274200],
 ["2011-08-24",13.20,13.24,12.70,13.04,17187500],
 ["2011-08-23",12.23,13.24,12.21,13.23,23457800],
 ["2011-08-22",12.06,12.20,11.81,11.94,15296900],
 ["2011-08-19",11.74,12.39,11.65,11.73,19033300],
 ["2011-08-18",12.23,12.35,11.80,11.94,20064100],
 ["2011-08-17",13.03,13.25,12.64,12.81,13833200],
 ["2011-08-16",13.22,13.40,12.75,12.99,17921700],
 ["2011-08-15",13.01,13.40,12.94,13.37,21603800],
 ["2011-08-12",14.84,14.86,12.67,12.88,79894600],
 ["2011-08-11",12.34,13.59,12.34,13.41,26969800],
 ["2011-08-10",12.55,12.91,12.27,12.34,28501300],
 ["2011-08-09",12.16,12.95,12.00,12.93,33245800],
 ["2011-08-08",12.32,12.76,11.85,11.93,27104500],
 ["2011-08-05",13.71,13.88,12.60,12.95,31764700],
 ["2011-08-04",14.54,14.54,13.40,13.40,24493300],
 ["2011-08-03",14.45,14.86,14.31,14.81,19130900],
 ["2011-08-02",14.47,15.38,14.42,14.42,33910800],
 ["2011-08-01",14.15,14.61,14.03,14.57,25490500],
 ["2011-07-29",13.69,13.96,13.62,13.83,16941400],
 ["2011-07-28",13.81,14.12,13.59,13.83,16204400],
 ["2011-07-27",14.20,14.27,13.82,13.86,16305300],
 ["2011-07-26",14.34,14.70,14.19,14.40,17456900],
 ["2011-07-25",14.77,14.83,14.55,14.76,14173000],
 ["2011-07-22",14.83,15.05,14.64,15.00,18429800],
 ["2011-07-21",14.06,14.80,13.85,14.70,28585500],
 ["2011-07-20",14.27,14.35,14.00,14.04,16573900],
 ["2011-07-19",13.84,14.25,13.84,14.22,15055600],
 ["2011-07-18",13.99,14.07,13.62,13.80,20455000],
 ["2011-07-15",14.16,14.25,13.81,14.10,20693400],
 ["2011-07-14",14.72,14.81,14.01,14.08,27224900],
 ["2011-07-13",14.89,14.99,14.52,14.66,15859200],
 ["2011-07-12",14.82,14.96,14.44,14.69,21690100],
 ["2011-07-11",15.14,15.20,14.85,14.89,17859700],
 ["2011-07-08",15.51,15.62,15.30,15.43,15487900],
 ["2011-07-07",15.75,15.83,15.45,15.73,24653400],
 ["2011-07-06",15.87,15.90,15.48,15.67,13239500],
 ["2011-07-05",16.13,16.28,15.74,15.88,13382400],
 ["2011-07-01",15.94,16.21,15.62,16.15,13520100],
 ["2011-06-30",15.78,16.11,15.54,15.94,16307500],
 ["2011-06-29",15.60,15.90,15.06,15.74,24013600],
 ["2011-06-28",15.41,15.68,15.30,15.50,17305000],
 ["2011-06-27",15.74,15.84,14.86,15.41,28553800],
 ["2011-06-24",16.13,16.27,15.64,15.74,13226300],
 ["2011-06-23",15.54,16.32,15.40,16.21,18600600],
 ["2011-06-22",15.85,16.06,15.71,15.74,16293000],
 ["2011-06-21",15.68,16.08,15.53,15.96,17606900],
 ["2011-06-20",15.67,16.00,15.50,15.62,18649000],
 ["2011-06-17",16.38,16.39,15.31,15.81,36697100],
 ["2011-06-16",16.78,17.04,15.95,16.19,25622700],
 ["2011-06-15",16.91,17.01,16.42,16.77,23397900],
 ["2011-06-14",17.15,17.52,17.07,17.14,13364400],
 ["2011-06-13",17.00,17.34,16.88,17.00,14369300],
 ["2011-06-10",17.40,17.51,16.98,17.12,12338700],
 ["2011-06-09",17.56,17.60,16.74,17.37,18540800],
 ["2011-06-08",17.97,18.08,17.43,17.57,14232200],
 ["2011-06-07",18.21,18.31,17.98,18.06,10848900],
 ["2011-06-06",18.43,18.60,18.05,18.07,10899700],
 ["2011-06-03",18.83,19.00,18.37,18.46,13732500],
 ["2011-06-02",19.17,19.31,18.82,19.05,15189800],
 ["2011-06-01",19.95,19.98,19.10,19.14,19055200],
 ["2011-05-31",19.88,20.05,19.40,20.04,30017900],
 ["2011-05-27",18.90,19.53,18.88,19.50,16470600],
 ["2011-05-26",18.36,18.98,18.31,18.82,17660900],
 ["2011-05-25",18.36,18.48,17.87,18.36,13632800],
 ["2011-05-24",18.16,18.87,18.11,18.14,18009300],
 ["2011-05-23",17.83,18.20,17.60,18.07,14700000],
 ["2011-05-20",17.74,18.13,17.66,18.09,14395500],
 ["2011-05-19",18.18,18.19,17.51,17.78,16272100],
 ["2011-05-18",17.70,18.19,17.64,18.04,16471100],
 ["2011-05-17",17.64,17.65,17.12,17.63,35509100],
 ["2011-05-16",18.21,18.25,17.69,17.70,18204700],
 ["2011-05-13",19.20,19.25,18.12,18.26,50629800],
 ["2011-05-12",19.80,20.52,19.75,20.50,30600000],
 ["2011-05-11",19.88,20.08,19.60,19.87,15400000],
 ["2011-05-10",19.91,19.93,19.58,19.78,17274400],
 ["2011-05-09",19.38,19.85,19.33,19.75,17658200],
 ["2011-05-06",19.05,19.50,18.90,19.32,21027000],
 ["2011-05-05",18.50,18.88,18.25,18.66,13600000],
 ["2011-05-04",18.85,19.06,18.30,18.65,15983900],
 ["2011-05-03",19.50,19.56,18.55,18.79,20200000],
 ["2011-05-02",20.42,20.43,19.63,19.73,15345600],
 ["2011-04-29",19.64,20.44,19.61,20.00,20900000],
 ["2011-04-28",19.30,19.90,19.08,19.51,17100000],
 ["2011-04-27",19.40,19.40,18.90,19.30,11250100],
 ["2011-04-26",18.97,19.49,18.78,19.30,16900000],
 ["2011-04-25",18.60,19.12,18.59,18.81,15490300],
 ["2011-04-21",18.77,18.89,18.48,18.52,10532500],
 ["2011-04-20",18.68,18.95,18.27,18.57,16262900],
 ["2011-04-19",18.10,18.17,17.53,18.02,16496500],
 ["2011-04-18",18.27,18.39,17.80,18.09,18589600],
 ["2011-04-15",18.37,18.94,18.28,18.71,24243000],
 ["2011-04-14",17.60,18.52,17.50,18.51,31367600],
 ["2011-04-13",17.55,17.87,17.33,17.76,18739700],
 ["2011-04-12",17.15,17.49,16.83,17.37,21018900],
 ["2011-04-11",17.62,17.71,17.13,17.32,13655200],
 ["2011-04-08",18.24,18.24,17.50,17.55,18663800],
 ["2011-04-07",17.50,18.21,17.43,18.10,25530200],
 ["2011-04-06",17.71,17.73,17.31,17.46,21424600],
 ["2011-04-05",17.81,17.95,17.54,17.58,20526900],
 ["2011-04-04",18.20,18.25,17.42,17.55,23108200],
 ["2011-04-01",18.70,18.72,17.95,18.20,21251800],
 ["2011-03-31",18.48,18.68,18.12,18.46,16377800],
 ["2011-03-30",19.32,19.40,18.21,18.45,29408000],
 ["2011-03-29",19.32,19.39,18.91,19.17,17894100],
 ["2011-03-28",19.07,19.64,18.90,19.32,30107100],
 ["2011-03-25",19.40,19.45,18.60,18.63,29909800],
 ["2011-03-24",18.19,19.45,18.15,19.23,44514800],
 ["2011-03-23",17.42,17.86,17.04,17.81,19559900],
 ["2011-03-22",17.71,17.88,17.37,17.45,17958300],
 ["2011-03-21",18.00,18.18,17.58,17.76,18795800],
 ["2011-03-18",18.14,18.20,17.60,17.62,22174000],
 ["2011-03-17",18.00,18.03,17.20,17.86,30962900],
 ["2011-03-16",17.50,18.35,17.30,17.53,36913000],
 ["2011-03-15",17.31,17.96,17.01,17.66,31407000],
 ["2011-03-14",18.19,18.65,17.90,18.20,25084000],
 ["2011-03-11",18.07,18.55,17.66,18.05,37170800],
 ["2011-03-10",18.70,18.84,17.90,17.92,43068400],
 ["2011-03-09",19.49,19.68,18.97,19.14,32974400],
 ["2011-03-08",20.69,20.80,19.12,19.55,48679600],
 ["2011-03-07",20.91,20.98,19.95,20.47,25478500],
 ["2011-03-04",20.89,21.10,20.53,20.76,23994000],
 ["2011-03-03",21.23,21.35,20.24,20.87,39842600],
 ["2011-03-02",21.62,22.03,20.25,20.75,42953500],
 ["2011-03-01",22.70,22.99,21.65,21.65,24711200],
 ["2011-02-28",23.50,23.51,22.14,22.66,22592400],
 ["2011-02-25",23.26,23.50,22.94,23.12,19391300],
 ["2011-02-24",22.22,23.04,22.06,22.65,31153000],
 ["2011-02-23",23.21,23.43,21.78,22.11,37290100],
 ["2011-02-22",24.79,24.86,23.13,23.21,34916200],
 ["2011-02-18",25.54,25.95,25.23,25.63,34860300],
 ["2011-02-17",22.72,26.01,22.61,25.68,86752400],
 ["2011-02-16",22.85,23.71,22.77,23.38,32959100],
 ["2011-02-15",23.15,23.23,22.45,22.55,22174500],
 ["2011-02-14",23.75,24.50,23.02,23.11,32195700],
 ["2011-02-11",22.74,24.21,22.37,23.47,33981900],
 ["2011-02-10",22.77,23.21,22.60,22.82,26058800],
 ["2011-02-09",23.96,24.20,22.86,23.29,31938000],
 ["2011-02-08",24.63,24.79,23.76,23.87,26914600],
 ["2011-02-07",25.32,25.43,24.51,24.60,23355900],
 ["2011-02-04",25.45,25.87,25.35,25.67,21822500],
 ["2011-02-03",25.62,25.62,24.55,25.10,25769400],
 ["2011-02-02",24.33,26.17,24.33,25.58,40165400],
 ["2011-02-01",24.13,24.65,23.97,24.47,16352600],
 ["2011-01-31",23.80,24.25,23.41,23.92,18754000],
 ["2011-01-28",24.53,24.94,23.20,23.76,27369900],
 ["2011-01-27",24.89,24.95,24.00,24.47,16434900],
 ["2011-01-26",24.22,25.00,24.05,24.54,26866500],
 ["2011-01-25",24.62,24.88,23.81,23.97,27171400],
 ["2011-01-24",23.24,25.05,22.98,24.73,51422500],
 ["2011-01-21",22.67,22.99,22.18,22.22,18481100],
 ["2011-01-20",22.19,22.56,21.79,22.43,27785200],
 ["2011-01-19",23.05,23.60,22.36,22.41,29947400],
 ["2011-01-18",23.27,23.43,22.47,23.04,45333700],
 ["2011-01-14",22.99,23.98,22.85,23.59,39883800],
 ["2011-01-13",23.10,23.84,22.38,23.39,67379800],
 ["2011-01-12",20.32,23.37,20.25,23.35,85797400],
 ["2011-01-11",20.91,21.11,19.87,20.31,67777200],
 ["2011-01-10",19.51,20.67,19.36,20.63,43758700],
 ["2011-01-07",19.11,19.93,18.68,19.87,64499600],
 ["2011-01-06",17.42,19.34,17.37,19.33,87332800],
 ["2011-01-05",16.06,17.00,15.90,16.98,35705400],
 ["2011-01-04",15.85,15.92,15.42,15.77,16284600],
 ["2011-01-03",15.52,15.97,15.50,15.82,20436200],
 ["2010-12-31",15.00,15.42,14.98,15.40,9781300],
 ["2010-12-30",14.92,15.08,14.87,14.99,4362200],
 ["2010-12-29",14.93,15.05,14.80,14.94,4441500],
 ["2010-12-28",15.00,15.10,14.85,14.94,4856500],
 ["2010-12-27",14.88,15.11,14.61,15.00,6387500],
 ["2010-12-23",15.03,15.03,14.86,14.92,6844600],
 ["2010-12-22",14.84,15.05,14.70,15.03,11949700],
 ["2010-12-21",14.45,14.87,14.44,14.87,11673800],
 ["2010-12-20",14.42,14.49,14.30,14.31,8602200],
 ["2010-12-17",14.30,14.45,14.13,14.37,14828900],
 ["2010-12-16",14.42,14.50,14.25,14.29,15796800],
 ["2010-12-15",14.62,14.80,14.25,14.27,15604400],
 ["2010-12-14",14.85,15.12,14.57,14.59,18879000],
 ["2010-12-13",15.01,15.04,14.53,14.57,15227700],
 ["2010-12-10",14.86,15.09,14.82,14.95,11297500],
 ["2010-12-09",14.75,14.96,14.54,14.86,23560200],
 ["2010-12-08",14.96,15.27,14.85,15.11,15331300],
 ["2010-12-07",14.85,15.33,14.82,14.98,25670300],
 ["2010-12-06",14.84,14.87,14.45,14.51,10960600],
 ["2010-12-03",14.31,14.79,14.28,14.79,15151100],
 ["2010-12-02",14.21,14.47,14.20,14.38,13232900],
 ["2010-12-01",13.88,14.30,13.86,14.21,15663400],
 ["2010-11-30",13.54,13.68,13.36,13.61,18023400],
 ["2010-11-29",13.54,13.80,13.48,13.75,11704800],
 ["2010-11-26",13.76,13.84,13.60,13.60,3577600],
 ["2010-11-24",13.58,13.82,13.57,13.77,9944600],
 ["2010-11-23",13.60,13.74,13.34,13.44,11445800],
 ["2010-11-22",13.66,13.84,13.54,13.76,11566700],
 ["2010-11-19",13.29,13.80,13.27,13.75,17912100],
 ["2010-11-18",13.09,13.45,13.09,13.32,24828000],
 ["2010-11-17",12.70,13.07,12.58,12.92,13794100],
 ["2010-11-16",12.88,13.06,12.69,12.71,18483900],
 ["2010-11-15",13.32,13.51,13.07,13.10,18338700],
 ["2010-11-12",13.09,13.68,13.03,13.26,53564000],
 ["2010-11-11",12.44,12.82,12.27,12.61,27249500],
 ["2010-11-10",12.68,12.74,12.50,12.74,13025400],
 ["2010-11-09",12.66,12.76,12.52,12.59,15849100],
 ["2010-11-08",12.60,12.77,12.50,12.66,15128900],
 ["2010-11-05",12.49,12.72,12.43,12.61,18377900],
 ["2010-11-04",12.50,12.63,12.38,12.40,17500400],
 ["2010-11-03",12.37,12.46,12.05,12.38,16793700],
 ["2010-11-02",12.09,12.49,12.02,12.29,14525900],
 ["2010-11-01",12.10,12.29,11.94,12.04,11848000],
 ["2010-10-29",12.03,12.15,11.90,12.02,13866600],
 ["2010-10-28",12.20,12.24,11.94,12.05,17611200],
 ["2010-10-27",11.76,12.08,11.73,12.04,12419900],
 ["2010-10-26",11.77,12.05,11.67,11.87,16881200],
 ["2010-10-25",11.89,12.00,11.78,11.91,16828400],
 ["2010-10-22",11.16,11.89,11.04,11.80,33066900],
 ["2010-10-21",11.30,11.32,10.92,11.09,25360700],
 ["2010-10-20",11.30,11.60,11.10,11.29,19088300],
 ["2010-10-19",11.11,11.37,11.02,11.29,21653400],
 ["2010-10-18",11.30,11.41,11.10,11.36,11203900],
 ["2010-10-15",11.34,11.47,11.16,11.29,15998500],
 ["2010-10-14",11.35,11.37,11.11,11.16,14979300],
 ["2010-10-13",11.20,11.50,11.08,11.34,24218300],
 ["2010-10-12",10.72,11.07,10.63,11.02,15130200],
 ["2010-10-11",10.91,11.00,10.76,10.81,11067000],
 ["2010-10-08",10.66,10.95,10.51,10.86,17673300],
 ["2010-10-07",10.83,10.84,10.38,10.70,19037200],
 ["2010-10-06",11.32,11.37,10.67,10.78,26440100],
 ["2010-10-05",11.48,11.50,11.29,11.32,18839700],
 ["2010-10-04",11.24,11.43,11.01,11.24,18737500],
 ["2010-10-01",11.85,11.87,11.26,11.35,24978000],
 ["2010-09-30",12.03,12.17,11.58,11.68,19690800],
 ["2010-09-29",11.86,12.23,11.75,11.88,24372600],
 ["2010-09-28",12.01,12.14,11.76,11.97,18079800],
 ["2010-09-27",12.35,12.36,11.84,12.00,24987600],
 ["2010-09-24",11.88,12.30,11.79,12.26,27174400],
 ["2010-09-23",11.52,11.98,11.42,11.62,31021800],
 ["2010-09-22",11.25,11.49,11.18,11.39,24999900],
 ["2010-09-21",10.65,11.47,10.65,11.29,44490600],
 ["2010-09-20",10.55,10.75,10.45,10.71,11079200],
 ["2010-09-17",10.67,10.68,10.52,10.55,10422100],
 ["2010-09-16",10.42,10.66,10.42,10.57,9132000],
 ["2010-09-15",10.44,10.57,10.30,10.56,13889300],
 ["2010-09-14",10.55,10.68,10.45,10.54,17463400],
 ["2010-09-13",10.25,10.77,10.25,10.64,25394800],
 ["2010-09-10",10.25,10.28,9.98,10.07,15232300],
 ["2010-09-09",10.45,10.46,10.05,10.18,17443700],
 ["2010-09-08",10.01,10.39,9.90,10.32,30603900],
 ["2010-09-07",9.87,10.22,9.85,9.99,22495500],
 ["2010-09-03",9.80,9.93,9.68,9.90,14162100],
 ["2010-09-02",9.43,9.60,9.34,9.57,14907300],
 ["2010-09-01",9.47,9.59,9.35,9.40,21286000],
 ["2010-08-31",9.50,9.80,9.30,9.33,23287200],
 ["2010-08-30",10.00,10.08,9.64,9.64,15070100],
 ["2010-08-27",9.86,10.20,9.61,10.12,26510400],
 ["2010-08-26",10.05,10.16,9.80,9.80,16439900],
 ["2010-08-25",9.61,10.00,9.56,9.92,18938300],
 ["2010-08-24",9.50,9.82,9.48,9.72,16033300],
 ["2010-08-23",10.00,10.25,9.79,9.82,18715500],
 ["2010-08-20",9.81,10.21,9.80,9.97,32632700],
 ["2010-08-19",9.42,9.91,9.37,9.88,40377500],
 ["2010-08-18",9.24,9.40,9.18,9.32,8823000],
 ["2010-08-17",9.24,9.44,9.15,9.27,12030600],
 ["2010-08-16",9.26,9.45,9.03,9.15,20350200],
 ["2010-08-13",9.25,9.52,9.23,9.39,44934800],
 ["2010-08-12",8.72,9.16,8.65,8.96,33589600],
 ["2010-08-11",9.05,9.05,8.85,8.88,19903700],
 ["2010-08-10",9.48,9.50,9.20,9.24,19314000],
 ["2010-08-09",9.65,9.66,9.41,9.64,11661400],
 ["2010-08-06",9.40,9.65,9.32,9.55,18497600],
 ["2010-08-05",9.35,9.46,9.18,9.44,20012600],
 ["2010-08-04",9.02,9.35,8.98,9.32,21387400],
 ["2010-08-03",9.11,9.12,8.87,8.94,23886100],
 ["2010-08-02",9.35,9.39,9.14,9.18,22925500],
 ["2010-07-30",9.06,9.35,8.92,9.19,24607200],
 ["2010-07-29",9.40,9.60,9.07,9.13,66611900],
 ["2010-07-28",10.29,10.47,10.10,10.13,33020200],
 ["2010-07-27",10.58,10.60,10.33,10.46,17086800],
 ["2010-07-26",10.33,10.59,10.17,10.55,17088700],
 ["2010-07-23",10.53,10.54,10.26,10.36,20440100],
 ["2010-07-22",10.48,10.65,10.42,10.54,11565300],
 ["2010-07-21",10.82,10.83,10.27,10.37,15609400],
 ["2010-07-20",10.19,10.78,10.10,10.72,29024700],
 ["2010-07-19",10.19,10.50,10.12,10.46,19961000],
 ["2010-07-16",10.72,10.75,10.01,10.05,32215100],
 ["2010-07-15",11.04,11.05,10.59,10.72,23827200],
 ["2010-07-14",11.40,11.48,10.87,11.03,33891600],
 ["2010-07-13",10.71,10.99,10.65,10.92,18082900],
 ["2010-07-12",10.35,10.67,10.34,10.54,14134900],
 ["2010-07-09",10.36,10.42,10.22,10.35,14287900],
 ["2010-07-08",10.70,10.71,10.18,10.31,19581800],
 ["2010-07-07",10.18,10.69,10.16,10.63,15210300],
 ["2010-07-06",10.21,10.54,10.05,10.14,17800500],
 ["2010-07-02",10.42,10.44,9.90,10.25,18427400],
 ["2010-07-01",10.24,10.45,9.93,10.38,18425200],
 ["2010-06-30",10.50,10.61,10.21,10.21,15576800],
 ["2010-06-29",10.86,10.87,10.41,10.48,16520200],
 ["2010-06-28",11.16,11.26,10.90,11.10,9300200],
 ["2010-06-25",11.19,11.20,10.90,11.08,12680500],
 ["2010-06-24",11.62,11.68,11.07,11.11,18125700],
 ["2010-06-23",11.67,11.81,11.34,11.69,15351500],
 ["2010-06-22",12.16,12.31,11.50,11.56,20454100],
 ["2010-06-21",12.56,12.59,11.90,12.01,14495900],
 ["2010-06-18",12.29,12.45,12.20,12.30,23320800],
 ["2010-06-17",12.18,12.25,11.76,12.22,21476700],
 ["2010-06-16",11.84,11.95,11.61,11.77,9162000],
 ["2010-06-15",11.49,11.98,11.47,11.92,13215800],
 ["2010-06-14",11.78,11.80,11.33,11.36,9377000],
 ["2010-06-11",11.23,11.66,11.20,11.61,11052600],
 ["2010-06-10",11.13,11.40,11.10,11.35,15294200],
 ["2010-06-09",11.24,11.54,10.87,10.91,17428800],
 ["2010-06-08",11.45,11.45,10.89,11.18,24190900],
 ["2010-06-07",12.15,12.23,11.45,11.50,14431200],
 ["2010-06-04",12.33,12.55,12.03,12.10,16786400],
 ["2010-06-03",12.46,12.73,12.42,12.70,14659000],
 ["2010-06-02",12.60,12.74,12.52,12.72,16227200],
 ["2010-06-01",12.96,13.11,12.57,12.58,13187300],
 ["2010-05-28",13.48,13.48,12.94,13.14,13627900],
 ["2010-05-27",13.07,13.50,13.04,13.50,17839000],
 ["2010-05-26",13.20,13.45,12.71,12.75,24875700],
 ["2010-05-25",11.97,12.75,11.85,12.69,24166300],
 ["2010-05-24",12.69,12.84,12.32,12.36,16614100],
 ["2010-05-21",12.10,13.08,12.10,12.73,26740000],
 ["2010-05-20",12.39,12.76,12.01,12.46,28228400],
 ["2010-05-19",12.50,12.78,12.41,12.76,20663000],
 ["2010-05-18",13.10,13.18,12.49,12.56,16852800],
 ["2010-05-17",12.98,13.15,12.58,12.99,21401500],
 ["2010-05-14",13.66,13.70,12.60,12.96,62326700],
 ["2010-05-13",14.62,15.29,14.51,14.65,31300000],
 ["2010-05-12",14.50,14.76,14.41,14.68,22530900],
 ["2010-05-11",14.42,14.69,14.29,14.40,20728100],
 ["2010-05-10",14.80,14.98,14.40,14.56,24478900],
 ["2010-05-07",14.33,14.33,13.46,13.96,28842800],
 ["2010-05-06",14.40,14.70,13.04,14.20,25072200],
 ["2010-05-05",14.45,14.87,14.32,14.50,33271000],
 ["2010-05-04",15.30,15.33,14.53,14.75,32784400],
 ["2010-05-03",15.79,15.88,15.30,15.54,26974300],
 ["2010-04-30",16.45,16.48,15.70,15.71,26701200],
 ["2010-04-29",16.21,16.67,15.97,16.65,24678200],
 ["2010-04-28",16.12,16.39,15.83,16.16,16804100],
 ["2010-04-27",16.48,16.65,16.08,16.13,15167600],
 ["2010-04-26",16.46,16.80,16.43,16.60,12277300],
 ["2010-04-23",16.62,16.66,16.15,16.44,18822900],
 ["2010-04-22",16.33,16.72,16.10,16.67,16423300],
 ["2010-04-21",17.13,17.15,16.40,16.60,22397700],
 ["2010-04-20",17.10,17.28,16.82,17.04,16954700],
 ["2010-04-19",16.93,17.03,16.41,16.98,27362300],
 ["2010-04-16",17.28,17.35,16.68,17.06,47943400],
 ["2010-04-15",17.94,18.12,17.76,18.01,23939900],
 ["2010-04-14",18.04,18.13,17.60,17.88,22518000],
 ["2010-04-13",17.37,17.72,17.30,17.66,16217400],
 ["2010-04-12",17.01,17.37,16.98,17.30,13661500],
 ["2010-04-09",16.84,17.05,16.75,16.99,20439300],
 ["2010-04-08",17.05,17.18,16.79,16.88,25940000],
 ["2010-04-07",16.94,17.45,16.80,17.16,20436700],
 ["2010-04-06",17.26,17.30,16.75,17.05,20231500],
 ["2010-04-05",17.33,17.51,17.31,17.48,10340900],
 ["2010-04-01",17.48,17.68,17.04,17.22,8491600],
 ["2010-03-31",17.56,17.64,17.31,17.40,9746000],
 ["2010-03-30",17.76,17.85,17.33,17.63,8102600],
 ["2010-03-29",17.45,17.60,17.21,17.56,9861400],
 ["2010-03-26",17.49,17.67,17.20,17.34,8616900],
 ["2010-03-25",17.54,17.65,17.30,17.34,12379600],
 ["2010-03-24",17.74,17.79,17.26,17.29,10906300],
 ["2010-03-23",17.66,17.98,17.54,17.89,12340300],
 ["2010-03-22",17.03,17.60,17.03,17.53,10883400],
 ["2010-03-19",17.72,17.77,17.03,17.25,14615300],
 ["2010-03-18",18.13,18.13,17.30,17.46,18524100],
 ["2010-03-17",17.86,18.34,17.86,18.10,16279200],
 ["2010-03-16",17.15,17.86,17.14,17.76,16624700],
 ["2010-03-15",17.23,17.40,17.00,17.16,8972600],
 ["2010-03-12",17.38,17.43,17.16,17.25,13008800],
 ["2010-03-11",17.45,17.51,17.12,17.19,13516500],
 ["2010-03-10",17.50,17.78,17.49,17.59,10463000],
 ["2010-03-09",17.09,17.72,17.08,17.55,20770800],
 ["2010-03-08",17.18,17.23,16.85,16.92,10982800],
 ["2010-03-05",16.54,17.29,16.54,17.17,15820800],
 ["2010-03-04",16.70,16.83,16.45,16.66,13934900],
 ["2010-03-03",16.94,17.03,16.49,16.63,9982500],
 ["2010-03-02",17.00,17.21,16.72,16.84,13466200],
 ["2010-03-01",16.21,16.93,16.08,16.85,13896700],
 ["2010-02-26",16.32,16.44,16.10,16.20,9834900],
 ["2010-02-25",16.17,16.44,15.76,16.40,14424300],
 ["2010-02-24",16.35,16.71,16.30,16.55,11146700],
 ["2010-02-23",16.66,16.73,16.04,16.21,12244100],
 ["2010-02-22",16.65,16.90,16.50,16.61,11452100],
 ["2010-02-19",16.60,16.78,16.50,16.58,12763700],
 ["2010-02-18",16.86,16.95,16.21,16.67,37887700],
 ["2010-02-17",17.89,17.90,17.33,17.84,21914000],
 ["2010-02-16",17.58,17.74,17.37,17.67,11425600],
 ["2010-02-12",17.00,17.70,16.81,17.35,19505300],
 ["2010-02-11",16.63,17.30,16.51,17.12,17399500],
 ["2010-02-10",16.16,16.52,16.05,16.37,13395700],
 ["2010-02-09",16.45,16.53,15.90,16.06,23253600],
 ["2010-02-08",16.17,16.58,15.87,16.19,11129000],
 ["2010-02-05",15.88,16.26,15.60,16.22,15121400],
 ["2010-02-04",16.73,16.73,15.72,15.90,19587000],
 ["2010-02-03",16.59,16.95,16.51,16.88,14057400],
 ["2010-02-02",16.51,16.95,16.46,16.74,21245300],
 ["2010-02-01",15.45,16.60,15.32,16.57,23745800],
 ["2010-01-29",16.27,16.45,15.15,15.39,19367500],
 ["2010-01-28",16.78,16.84,15.86,16.09,17194100],
 ["2010-01-27",16.20,16.71,16.02,16.65,20312600],
 ["2010-01-26",16.66,16.77,16.20,16.21,17865900],
 ["2010-01-25",16.73,17.06,16.61,16.74,16091900],
 ["2010-01-22",16.85,17.16,16.36,16.46,26697900],
 ["2010-01-21",17.35,17.66,16.89,17.05,15215800],
 ["2010-01-20",17.21,17.43,16.98,17.36,17993200],
 ["2010-01-19",16.98,17.54,16.93,17.43,13633200],
 ["2010-01-15",17.50,17.65,16.88,17.11,20454800],
 ["2010-01-14",17.69,17.82,17.33,17.63,15213100],
 ["2010-01-13",17.79,17.97,17.10,17.91,12721700],
 ["2010-01-12",18.02,18.09,17.29,17.67,15685800],
 ["2010-01-11",18.65,18.73,18.03,18.29,13915300],
 ["2010-01-08",18.36,18.68,18.25,18.55,11954200],
 ["2010-01-07",18.78,18.86,18.37,18.51,13694800],
 ["2010-01-06",18.75,18.92,18.57,18.88,16229200],
 ["2010-01-05",18.42,18.96,18.42,18.76,18216200],
 ["2010-01-04",18.51,18.62,18.11,18.49,20005100],
 ["2009-12-31",18.71,18.95,18.66,18.68,17508500],
 ["2009-12-30",18.19,18.78,18.06,18.67,17600200],
 ["2009-12-29",17.74,18.07,17.70,18.02,11896200],
 ["2009-12-28",18.06,18.22,17.62,17.80,11644000],
 ["2009-12-24",18.18,18.21,18.02,18.09,3420300],
 ["2009-12-23",18.05,18.18,17.82,18.13,11054900],
 ["2009-12-22",17.42,18.06,17.40,17.88,19826100],
 ["2009-12-21",16.92,17.49,16.90,17.42,10694800],
 ["2009-12-18",16.97,17.03,16.62,16.82,20320700],
 ["2009-12-17",16.96,17.48,16.58,16.83,25403300],
 ["2009-12-16",16.21,17.09,16.12,16.91,42085000],
 ["2009-12-15",15.56,15.91,15.52,15.65,11153800],
 ["2009-12-14",15.43,15.72,15.26,15.67,10137200],
 ["2009-12-11",15.54,15.56,15.17,15.21,10418600],
 ["2009-12-10",15.80,15.90,15.36,15.41,10425300],
 ["2009-12-09",15.47,15.81,15.32,15.69,16789700],
 ["2009-12-08",15.83,15.90,15.22,15.31,26887800],
 ["2009-12-07",15.85,16.45,15.10,16.09,68304600],
 ["2009-12-04",14.09,14.32,13.87,14.26,20614100],
 ["2009-12-03",13.88,14.13,13.81,13.83,16500900],
 ["2009-12-02",13.35,13.75,13.27,13.72,15057300],
 ["2009-12-01",13.13,13.47,13.06,13.32,11548400],
 ["2009-11-30",12.84,13.07,12.70,13.06,12745900],
 ["2009-11-27",12.60,12.94,12.53,12.79,6998300],
 ["2009-11-25",13.07,13.25,12.98,13.07,11044000],
 ["2009-11-24",12.94,13.03,12.71,12.92,10462600],
 ["2009-11-23",13.09,13.33,12.94,13.00,9773100],
 ["2009-11-20",12.68,12.96,12.65,12.90,10668700],
 ["2009-11-19",13.23,13.23,12.74,12.98,20846000],
 ["2009-11-18",13.60,13.65,13.29,13.52,11387900],
 ["2009-11-17",13.76,13.76,13.47,13.73,8753100],
 ["2009-11-16",13.68,13.91,13.61,13.75,10070500],
 ["2009-11-13",13.45,13.63,13.39,13.56,9713100],
 ["2009-11-12",13.62,13.85,13.42,13.46,12646600],
 ["2009-11-11",13.35,13.82,13.33,13.50,21787800],
 ["2009-11-10",13.51,13.51,12.96,13.13,19536800],
 ["2009-11-09",13.34,13.65,13.33,13.46,20453100],
 ["2009-11-06",13.04,13.43,12.88,13.16,41027800],
 ["2009-11-05",12.12,12.39,12.08,12.27,23878900],
 ["2009-11-04",12.10,12.23,11.93,11.98,22921000],
 ["2009-11-03",11.68,12.07,11.56,12.01,21911800],
 ["2009-11-02",11.94,12.33,11.73,12.07,14828400],
 ["2009-10-30",12.49,12.54,11.90,11.96,15103600],
 ["2009-10-29",12.21,12.61,12.10,12.55,15927500],
 ["2009-10-28",12.26,12.54,11.96,12.02,19340800],
 ["2009-10-27",12.92,13.11,12.41,12.54,14795900],
 ["2009-10-26",13.25,13.45,12.91,12.98,12041300],
 ["2009-10-23",13.65,13.65,13.07,13.15,10738200],
 ["2009-10-22",13.31,13.54,13.08,13.47,9483200],
 ["2009-10-21",13.66,13.87,13.31,13.38,12598900],
 ["2009-10-20",13.93,14.03,13.60,13.71,16504500],
 ["2009-10-19",13.33,13.81,13.22,13.70,17389700],
 ["2009-10-16",13.36,13.40,12.98,13.22,25470800],
 ["2009-10-15",13.92,14.05,13.44,13.53,27304900],
 ["2009-10-14",14.50,14.50,13.87,13.94,27548700],
 ["2009-10-13",14.09,14.25,13.83,13.96,15053100],
 ["2009-10-12",13.93,14.28,13.92,14.01,12475200],
 ["2009-10-09",13.91,14.19,13.89,14.17,15463500],
 ["2009-10-08",13.98,14.02,13.49,13.99,31038100],
 ["2009-10-07",13.91,14.06,13.75,13.90,11490200],
 ["2009-10-06",13.95,14.25,13.85,14.01,19031800],
 ["2009-10-05",14.00,14.05,13.54,13.78,18856900],
 ["2009-10-02",13.82,14.15,13.74,13.85,15311900],
 ["2009-10-01",14.98,14.98,13.95,13.96,24999000],
 ["2009-09-30",14.86,15.21,14.53,15.03,21898900],
 ["2009-09-29",14.92,15.10,14.53,14.56,11773200],
 ["2009-09-28",14.55,15.20,14.55,14.83,11692700],
 ["2009-09-25",14.66,14.73,14.39,14.50,9438900],
 ["2009-09-24",15.19,15.19,14.69,14.74,13821900],
 ["2009-09-23",15.27,15.40,14.92,14.94,11973400],
 ["2009-09-22",15.26,15.35,15.06,15.18,9034700],
 ["2009-09-21",15.04,15.41,14.91,15.15,14719400],
 ["2009-09-18",15.39,15.50,15.10,15.22,15118500],
 ["2009-09-17",15.90,15.90,14.97,15.24,23077400],
 ["2009-09-16",16.34,16.37,15.70,15.94,17676600],
 ["2009-09-15",16.20,16.58,16.05,16.38,13653400],
 ["2009-09-14",16.08,16.21,15.91,16.05,12262900],
 ["2009-09-11",16.43,16.49,16.20,16.32,17818300],
 ["2009-09-10",16.01,16.49,15.83,16.47,15198800],
 ["2009-09-09",15.50,15.99,15.28,15.96,14292100],
 ["2009-09-08",15.22,15.53,15.10,15.53,13742800],
 ["2009-09-04",14.51,15.21,14.51,15.11,12826200],
 ["2009-09-03",14.23,14.59,14.19,14.57,13350500],
 ["2009-09-02",14.05,14.37,13.97,14.23,10116400],
 ["2009-09-01",14.51,14.92,13.95,14.03,18421400],
 ["2009-08-31",14.56,14.63,14.33,14.52,10794900],
 ["2009-08-28",14.39,15.03,14.37,14.73,22099800],
 ["2009-08-27",13.88,14.07,13.73,14.01,13776800],
 ["2009-08-26",13.63,13.85,13.58,13.82,10857700],
 ["2009-08-25",13.61,13.80,13.38,13.66,11102200],
 ["2009-08-24",13.85,14.00,13.46,13.54,11536400],
 ["2009-08-21",13.81,13.95,13.53,13.93,15183100],
 ["2009-08-20",13.12,13.76,13.09,13.70,20496000],
 ["2009-08-19",13.13,13.26,13.00,13.18,13824900],
 ["2009-08-18",12.86,13.48,12.85,13.33,15905000],
 ["2009-08-17",13.01,13.05,12.72,12.86,11625800],
 ["2009-08-14",13.81,13.83,13.24,13.42,10678700],
 ["2009-08-13",13.53,13.88,13.29,13.83,14100700],
 ["2009-08-12",12.96,13.57,12.95,13.43,15873500],
 ["2009-08-11",13.17,13.37,12.88,12.95,12047100],
 ["2009-08-10",13.81,14.01,13.18,13.26,17332800],
 ["2009-08-07",13.83,14.23,13.52,13.71,35046800],
 ["2009-08-06",13.45,13.69,13.04,13.12,23939700],
 ["2009-08-05",13.29,13.50,13.13,13.40,15269200],
 ["2009-08-04",13.05,13.60,13.03,13.37,17384500],
 ["2009-08-03",13.24,13.43,12.99,13.28,11797500],
 ["2009-07-31",12.88,13.11,12.58,12.93,13539000],
 ["2009-07-30",13.00,13.17,12.77,12.88,11711100],
 ["2009-07-29",12.89,12.97,12.65,12.78,9349300],
 ["2009-07-28",12.93,13.18,12.82,13.04,14079500],
 ["2009-07-27",12.84,13.21,12.72,13.02,16937100],
 ["2009-07-24",12.60,13.00,12.52,12.96,16264800],
 ["2009-07-23",12.29,13.04,12.16,13.00,26153000],
 ["2009-07-22",11.73,12.38,11.65,12.27,15022700],
 ["2009-07-21",12.19,12.24,11.69,11.97,23532400],
 ["2009-07-20",12.17,12.35,12.01,12.22,19568900],
 ["2009-07-17",11.73,12.11,11.61,12.07,21258900],
 ["2009-07-16",11.27,11.77,11.21,11.73,23801900],
 ["2009-07-15",11.10,11.37,11.00,11.15,25570200],
 ["2009-07-14",10.57,10.75,10.45,10.71,11314200],
 ["2009-07-13",10.58,10.58,9.95,10.49,13900300],
 ["2009-07-10",10.33,10.44,10.11,10.37,13000200],
 ["2009-07-09",10.28,10.50,10.25,10.33,17864100],
 ["2009-07-08",10.15,10.18,9.71,10.11,30146500],
 ["2009-07-07",10.59,10.65,10.06,10.09,26824900],
 ["2009-07-06",10.89,10.90,10.37,10.55,18811400],
 ["2009-07-02",10.97,11.11,10.75,10.90,13807800],
 ["2009-07-01",11.36,11.49,11.15,11.34,17410500],
 ["2009-06-30",11.53,11.69,11.08,11.29,14746100],
 ["2009-06-29",11.60,11.78,11.45,11.57,12751400],
 ["2009-06-26",11.37,11.61,11.27,11.57,12848900],
 ["2009-06-25",10.75,11.44,10.64,11.42,21761100],
 ["2009-06-24",10.63,11.10,10.63,10.85,12877400],
 ["2009-06-23",10.65,10.67,10.09,10.50,14744100],
 ["2009-06-22",11.22,11.22,10.51,10.55,14371600],
 ["2009-06-19",11.17,11.46,11.03,11.18,18689100],
 ["2009-06-18",11.24,11.45,10.94,11.06,14159400],
 ["2009-06-17",11.18,11.39,10.75,11.28,19975400],
 ["2009-06-16",11.32,11.46,10.85,11.01,14872800],
 ["2009-06-15",11.30,11.45,11.12,11.32,11129100],
 ["2009-06-12",11.40,11.55,11.14,11.51,14875000],
 ["2009-06-11",11.75,12.20,11.50,11.57,20878900],
 ["2009-06-10",11.42,11.79,11.17,11.72,20833000],
 ["2009-06-09",10.92,11.48,10.84,11.36,18125800],
 ["2009-06-08",10.75,10.92,10.50,10.77,11848700],
 ["2009-06-05",11.09,11.09,10.70,10.83,13999800],
 ["2009-06-04",10.54,10.91,10.53,10.89,16829500],
 ["2009-06-03",10.71,10.75,10.25,10.51,18392200],
 ["2009-06-02",10.94,11.18,10.65,10.85,22699600],
 ["2009-06-01",10.55,11.00,10.51,10.94,25569100],
 ["2009-05-29",10.52,10.54,10.07,10.43,20855800],
 ["2009-05-28",10.53,10.60,10.06,10.51,24882200],
 ["2009-05-27",10.30,10.68,10.20,10.37,20353800],
 ["2009-05-26",9.73,10.43,9.63,10.35,21638500],
 ["2009-05-22",9.67,9.96,9.49,9.82,17956500],
 ["2009-05-21",9.61,9.80,9.40,9.67,24140000],
 ["2009-05-20",9.62,10.25,9.58,9.73,32735900],
 ["2009-05-19",9.33,9.56,9.18,9.45,21494200],
 ["2009-05-18",8.96,9.33,8.94,9.27,23458000],
 ["2009-05-15",8.58,9.04,8.48,8.74,19507700],
 ["2009-05-14",8.39,8.70,8.33,8.52,25446600],
 ["2009-05-13",8.92,8.97,8.33,8.40,32640200],
 ["2009-05-12",9.64,9.64,8.80,8.98,30034600],
 ["2009-05-11",9.10,9.66,9.02,9.43,25964900],
 ["2009-05-08",10.50,10.50,9.11,9.25,73264100],
 ["2009-05-07",11.82,11.82,10.58,10.73,32229900],
 ["2009-05-06",11.93,12.04,11.33,11.56,23377200],
 ["2009-05-05",12.03,12.11,11.55,11.80,20926900],
 ["2009-05-04",11.87,12.39,11.71,12.30,23192600],
 ["2009-05-01",11.45,11.94,11.44,11.67,21013700],
 ["2009-04-30",11.09,11.80,11.00,11.48,27756900],
 ["2009-04-29",11.10,11.15,10.75,10.88,21491700],
 ["2009-04-28",10.88,11.28,10.78,11.05,15859800],
 ["2009-04-27",11.28,11.60,10.95,11.02,19675600],
 ["2009-04-24",11.28,11.51,11.01,11.43,18987700],
 ["2009-04-23",11.46,11.56,10.82,11.17,18848800],
 ["2009-04-22",10.92,11.81,10.74,11.35,22910100],
 ["2009-04-21",10.90,11.48,10.74,11.02,23304600],
 ["2009-04-20",11.31,11.41,10.99,11.05,14766500],
 ["2009-04-17",11.68,11.87,11.40,11.76,17394100],
 ["2009-04-16",11.60,11.82,11.16,11.68,25969300],
 ["2009-04-15",11.31,11.44,10.91,11.39,26134200],
 ["2009-04-14",11.49,12.00,11.44,11.72,17799000],
 ["2009-04-13",11.89,11.90,11.39,11.65,19190700],
 ["2009-04-09",11.70,12.08,11.61,12.04,22610300],
 ["2009-04-08",11.08,11.44,10.99,11.41,18291300],
 ["2009-04-07",11.13,11.25,10.89,10.96,15195100],
 ["2009-04-06",11.13,11.45,10.98,11.35,22182200],
 ["2009-04-03",10.59,11.35,10.41,11.32,25080200],
 ["2009-04-02",10.49,10.77,10.34,10.58,25071500],
 ["2009-04-01",9.74,10.20,9.37,10.11,22198000],
 ["2009-03-31",9.94,10.10,9.79,9.86,20131800],
 ["2009-03-30",10.06,10.19,9.65,9.79,19501300],
 ["2009-03-27",10.45,10.71,10.30,10.46,18297300],
 ["2009-03-26",10.10,10.58,9.99,10.56,33341600],
 ["2009-03-25",10.08,10.40,9.56,9.94,31096300],
 ["2009-03-24",9.97,10.06,9.73,9.78,27871700],
 ["2009-03-23",9.83,10.24,9.61,10.22,20401200],
 ["2009-03-20",10.23,10.24,9.27,9.53,27341800],
 ["2009-03-19",10.27,10.27,10.01,10.08,20566200],
 ["2009-03-18",9.74,10.49,9.73,10.20,33989000],
 ["2009-03-17",9.45,9.91,9.33,9.89,25134600],
 ["2009-03-16",9.90,9.91,9.34,9.42,17483600],
 ["2009-03-13",9.71,9.94,9.55,9.80,29878900],
 ["2009-03-12",9.27,9.95,9.15,9.85,40115100],
 ["2009-03-11",9.05,11.85,8.90,9.30,21622900],
 ["2009-03-10",8.60,9.21,8.52,9.05,31370000],
 ["2009-03-09",8.33,8.96,8.28,8.30,17069200],
 ["2009-03-06",8.26,8.69,8.15,8.39,24368900],
 ["2009-03-05",8.34,8.68,8.22,8.26,23881300],
 ["2009-03-04",8.09,8.70,8.02,8.46,27716700],
 ["2009-03-03",7.72,8.18,7.47,7.88,26034300],
 ["2009-03-02",8.08,8.25,7.55,7.58,17501600],
 ["2009-02-27",8.05,8.47,7.99,8.28,18886100],
 ["2009-02-26",8.28,8.54,8.16,8.26,27938900],
 ["2009-02-25",7.89,8.24,7.62,8.00,17559000],
 ["2009-02-24",7.30,7.92,7.29,7.91,16488100],
 ["2009-02-23",7.74,7.78,7.21,7.26,16988700],
 ["2009-02-20",7.32,7.73,7.25,7.61,19251400],
 ["2009-02-19",8.20,8.27,7.42,7.42,18599700],
 ["2009-02-18",7.83,8.30,7.82,8.04,16156300],
 ["2009-02-17",8.00,8.19,7.80,7.83,19489400],
 ["2009-02-13",8.13,8.41,8.07,8.31,19107600],
 ["2009-02-12",7.97,8.37,7.86,8.32,25600500],
 ["2009-02-11",8.58,8.89,7.86,8.15,49585000],
 ["2009-02-10",9.73,9.86,9.14,9.32,28241600],
 ["2009-02-09",9.83,9.97,9.47,9.74,17903200],
 ["2009-02-06",9.39,9.93,9.23,9.87,28947000],
 ["2009-02-05",8.49,9.46,8.40,9.36,22979800],
 ["2009-02-04",8.50,9.15,8.50,8.72,19480800],
 ["2009-02-03",8.40,8.55,8.17,8.48,9923700],
 ["2009-02-02",7.83,8.47,7.79,8.38,14449800],
 ["2009-01-30",8.22,8.44,7.85,7.95,12669000],
 ["2009-01-29",8.50,8.60,8.24,8.28,10328200],
 ["2009-01-28",8.74,8.93,8.46,8.79,18093800],
 ["2009-01-27",8.10,8.50,8.07,8.44,18132500],
 ["2009-01-26",7.75,8.20,7.62,7.97,14543700],
 ["2009-01-23",7.21,7.94,7.20,7.71,15840400],
 ["2009-01-22",7.32,7.62,7.15,7.42,13691400],
 ["2009-01-21",7.35,7.61,7.08,7.56,16211800],
 ["2009-01-20",7.97,8.00,7.15,7.21,17644700],
 ["2009-01-16",7.78,8.06,7.53,7.99,20783100],
 ["2009-01-15",7.35,7.69,7.20,7.57,24955100],
 ["2009-01-14",7.38,7.47,7.20,7.31,24372700],
 ["2009-01-13",7.35,7.94,7.21,7.65,45610600],
 ["2009-01-12",7.93,7.97,7.50,7.61,16138300],
 ["2009-01-09",8.40,8.40,7.91,7.93,19033800],
 ["2009-01-08",8.51,8.51,7.88,8.40,25362400],
 ["2009-01-07",8.96,8.96,8.31,8.62,21752400],
 ["2009-01-06",9.13,9.43,8.93,9.17,16447600],
 ["2009-01-05",8.61,9.07,8.55,8.87,17643400],
 ["2009-01-02",8.07,8.77,8.04,8.71,12428100],
 ["2008-12-31",7.92,8.27,7.78,8.07,11039500],
 ["2008-12-30",7.85,8.14,7.67,8.02,10246500],
 ["2008-12-29",7.61,7.75,7.12,7.75,11504200],
 ["2008-12-26",7.72,7.82,7.30,7.51,5653900],
 ["2008-12-24",7.75,7.94,7.56,7.72,3665400],
 ["2008-12-23",8.07,8.24,7.79,7.91,9436300],
 ["2008-12-22",8.65,8.67,7.71,8.02,13061600],
 ["2008-12-19",8.57,8.90,8.49,8.52,14828000],
 ["2008-12-18",9.26,9.29,8.35,8.46,13770200],
 ["2008-12-17",8.72,9.45,8.60,9.32,16854500],
 ["2008-12-16",8.40,8.90,8.32,8.88,13048500],
 ["2008-12-15",8.65,8.70,8.05,8.32,11924900],
 ["2008-12-12",7.95,8.65,7.79,8.60,16981700],
 ["2008-12-11",8.50,8.80,8.09,8.19,14567500],
 ["2008-12-10",7.96,8.75,7.83,8.55,24028100],
 ["2008-12-09",7.03,8.09,6.95,7.81,20744000],
 ["2008-12-08",7.50,7.65,6.95,7.12,17699800],
 ["2008-12-05",6.86,7.39,6.74,7.36,10962100],
 ["2008-12-04",7.43,7.80,6.91,7.08,11657300],
 ["2008-12-03",6.93,7.59,6.87,7.58,14615800],
 ["2008-12-02",6.96,7.30,6.87,7.21,11999700],
 ["2008-12-01",7.17,7.24,6.82,6.83,13677800],
 ["2008-11-28",7.49,7.60,7.37,7.47,4381200],
 ["2008-11-26",6.87,7.63,6.83,7.61,15019800],
 ["2008-11-25",7.10,7.12,6.79,6.99,13206400],
 ["2008-11-24",6.77,6.88,6.40,6.80,15007700],
 ["2008-11-21",6.09,6.38,5.75,6.38,14976600],
 ["2008-11-20",6.18,6.49,5.83,5.90,21175900],
 ["2008-11-19",6.73,6.90,6.20,6.23,12505500],
 ["2008-11-18",7.16,7.20,6.56,6.79,14112200],
 ["2008-11-17",7.10,7.29,6.95,7.02,9705600],
 ["2008-11-14",7.62,7.66,7.14,7.17,18525600],
 ["2008-11-13",7.00,7.95,6.86,7.94,19930700],
 ["2008-11-12",7.56,7.74,7.25,7.34,16152300],
 ["2008-11-11",8.04,8.10,7.72,7.80,14412100],
 ["2008-11-10",9.05,9.10,7.97,8.16,14409900],
 ["2008-11-07",8.68,9.07,8.10,8.72,28301700],
 ["2008-11-06",8.01,8.31,7.60,7.62,19948400],
 ["2008-11-05",8.65,8.90,8.51,8.51,19690500],
 ["2008-11-04",8.73,8.98,8.50,8.98,15489000],
 ["2008-11-03",8.95,9.11,8.30,8.44,18098100],
 ["2008-10-31",8.36,8.93,8.34,8.76,15216800],
 ["2008-10-30",8.75,8.80,8.10,8.63,16429400],
 ["2008-10-29",7.97,8.80,7.93,8.28,24432100],
 ["2008-10-28",7.34,8.03,7.21,8.02,21248000],
 ["2008-10-27",6.57,7.38,6.36,6.97,17473400],
 ["2008-10-24",6.00,6.95,5.97,6.61,19958400],
 ["2008-10-23",6.91,7.08,6.26,6.54,20804800],
 ["2008-10-22",7.10,7.40,6.74,6.93,15024900],
 ["2008-10-21",7.65,7.73,7.16,7.20,16477900],
 ["2008-10-20",7.91,7.97,7.61,7.80,14894100],
 ["2008-10-17",7.48,8.09,7.34,7.65,20985400],
 ["2008-10-16",7.23,7.74,6.90,7.70,25495500],
 ["2008-10-15",7.82,7.86,7.02,7.02,21351600],
 ["2008-10-14",8.35,8.40,7.65,7.87,30225300],
 ["2008-10-13",7.39,8.06,7.30,8.05,22913400],
 ["2008-10-10",6.32,7.33,6.28,6.81,30006300],
 ["2008-10-09",7.66,7.77,6.84,6.92,22740900],
 ["2008-10-08",6.98,7.82,6.91,7.39,30486400],
 ["2008-10-07",8.13,8.15,7.18,7.24,26499600],
 ["2008-10-06",8.60,8.62,7.31,7.85,41936000],
 ["2008-10-03",9.48,9.75,8.97,9.03,22895700],
 ["2008-10-02",10.48,10.48,9.28,9.33,19693200],
 ["2008-10-01",10.55,10.74,10.22,10.41,13930200],
 ["2008-09-30",10.26,10.81,10.15,10.71,16476100],
 ["2008-09-29",11.38,11.52,10.00,10.10,24381000],
 ["2008-09-26",11.19,11.77,10.98,11.69,16171300],
 ["2008-09-25",11.25,11.74,11.06,11.47,14708200],
 ["2008-09-24",10.71,11.47,10.65,11.25,21650900],
 ["2008-09-23",11.08,11.49,10.81,10.85,20536700],
 ["2008-09-22",11.32,11.65,11.11,11.17,17501800],
 ["2008-09-19",11.41,11.50,10.90,11.41,27683600],
 ["2008-09-18",10.12,11.42,10.10,10.89,40276500],
 ["2008-09-17",9.37,10.22,9.28,10.00,34814500],
 ["2008-09-16",8.97,9.66,8.80,9.59,31021000],
 ["2008-09-15",9.83,9.98,9.18,9.30,21599600],
 ["2008-09-12",10.21,10.28,9.61,10.19,30230000],
 ["2008-09-11",10.20,10.52,9.96,10.30,26674400],
 ["2008-09-10",10.94,11.16,10.75,10.82,16107100],
 ["2008-09-09",11.15,11.83,10.77,10.81,27457400],
 ["2008-09-08",11.78,11.78,11.00,11.19,32871000],
 ["2008-09-05",11.40,11.70,11.39,11.67,19777500],
 ["2008-09-04",11.53,11.65,11.43,11.50,17903200],
 ["2008-09-03",12.15,12.20,11.55,11.66,17871400],
 ["2008-09-02",12.85,12.96,12.15,12.32,17348200],
 ["2008-08-29",12.96,13.00,12.60,12.64,12900100],
 ["2008-08-28",13.21,13.35,13.01,13.14,9129800],
 ["2008-08-27",12.79,13.35,12.67,13.19,11365500],
 ["2008-08-26",13.48,13.49,12.95,13.09,15327800],
 ["2008-08-25",13.53,13.85,13.37,13.41,11790000],
 ["2008-08-22",13.72,13.88,13.32,13.61,11481600],
 ["2008-08-21",13.83,13.94,13.34,13.62,25539000],
 ["2008-08-20",13.62,14.12,13.52,14.08,28592300],
 ["2008-08-19",12.95,13.50,12.95,13.42,25353500],
 ["2008-08-18",13.05,13.34,12.91,13.22,22349200],
 ["2008-08-15",13.23,13.38,12.87,12.96,19441300],
 ["2008-08-14",12.17,13.49,12.17,13.00,40882600],
 ["2008-08-13",11.95,12.44,11.66,12.26,52381500],
 ["2008-08-12",11.32,11.35,10.91,11.07,35271700],
 ["2008-08-11",11.08,11.50,11.04,11.23,29910900],
 ["2008-08-08",11.40,11.50,10.96,11.00,21344100],
 ["2008-08-07",11.39,11.90,11.18,11.31,20480800],
 ["2008-08-06",11.22,11.59,10.86,11.49,20371600],
 ["2008-08-05",10.78,11.19,10.66,11.19,17146100],
 ["2008-08-04",10.84,10.90,10.55,10.58,13051300],
 ["2008-08-01",11.14,11.18,10.70,10.84,22026500],
 ["2008-07-31",11.45,11.69,11.32,11.44,12180900],
 ["2008-07-30",11.88,11.90,11.22,11.48,14712300],
 ["2008-07-29",11.55,11.94,11.42,11.65,19115900],
 ["2008-07-28",11.41,11.91,11.36,11.53,18370200],
 ["2008-07-25",11.14,11.60,10.91,11.56,25990000],
 ["2008-07-24",11.60,11.71,11.00,11.03,17640700],
 ["2008-07-23",11.46,11.84,11.41,11.72,14871900],
 ["2008-07-22",11.52,11.57,11.16,11.38,13898100],
 ["2008-07-21",11.74,11.91,11.53,11.63,14290900],
 ["2008-07-18",11.28,11.63,10.96,11.56,22493000],
 ["2008-07-17",11.50,11.50,10.92,11.36,21552000],
 ["2008-07-16",11.30,11.62,10.99,11.32,25859800],
 ["2008-07-15",11.04,11.49,10.70,11.26,28062100],
 ["2008-07-14",11.76,11.85,11.06,11.14,22057900],
 ["2008-07-11",11.55,11.96,11.32,11.67,20194000],
 ["2008-07-10",11.88,12.02,11.57,11.79,26424800],
 ["2008-07-09",12.06,12.24,11.82,11.82,35329200],
 ["2008-07-08",12.18,12.48,11.80,12.03,45132200],
 ["2008-07-07",12.68,12.76,11.76,12.10,55067300],
 ["2008-07-03",12.98,13.13,12.40,12.49,74688000],
 ["2008-07-02",18.66,18.78,18.00,18.03,19079900],
 ["2008-07-01",18.50,18.77,18.16,18.75,22036600],
 ["2008-06-30",19.06,19.23,18.59,18.72,16348500],
 ["2008-06-27",19.15,19.39,18.71,19.28,14603500],
 ["2008-06-26",19.50,19.65,19.07,19.07,21138300],
 ["2008-06-25",20.30,20.45,19.78,20.10,22524400],
 ["2008-06-24",19.24,20.45,19.24,19.99,26973200],
 ["2008-06-23",19.91,19.93,19.18,19.35,19415400],
 ["2008-06-20",19.42,19.98,19.41,19.76,18525200],
 ["2008-06-19",20.02,20.30,19.38,19.86,19623200],
 ["2008-06-18",20.30,21.00,19.58,19.91,26631800],
 ["2008-06-17",21.32,21.33,20.46,20.51,17197800],
 ["2008-06-16",21.08,21.28,20.85,21.02,15762400],
 ["2008-06-13",21.41,21.66,20.68,21.31,17643700],
 ["2008-06-12",21.73,22.15,21.20,21.38,20649800],
 ["2008-06-11",22.29,22.83,21.22,21.25,24985700],
 ["2008-06-10",23.05,23.08,22.14,22.29,30630200],
 ["2008-06-09",23.92,24.25,23.21,23.69,15947900],
 ["2008-06-06",24.55,24.58,23.92,24.06,19621900],
 ["2008-06-05",25.08,25.35,24.57,24.85,20696500],
 ["2008-06-04",23.43,24.29,23.30,24.24,20793100],
 ["2008-06-03",24.88,24.92,23.67,23.96,21017400],
 ["2008-06-02",24.70,24.99,24.43,24.80,18366500],
 ["2008-05-30",24.19,24.78,24.12,24.70,20756100],
 ["2008-05-29",23.59,23.63,23.09,23.52,17336500],
 ["2008-05-28",24.00,24.06,23.31,23.58,18793400],
 ["2008-05-27",23.15,23.39,22.71,23.36,20821400],
 ["2008-05-23",23.61,23.80,22.77,23.11,20066800],
 ["2008-05-22",23.42,23.84,23.05,23.65,17327700],
 ["2008-05-21",23.34,24.24,23.04,23.09,26666500],
 ["2008-05-20",23.25,23.52,23.01,23.28,19285100],
 ["2008-05-19",24.42,25.31,23.73,23.90,28963300],
 ["2008-05-16",24.18,24.46,23.63,24.41,27288900],
 ["2008-05-15",22.02,23.88,21.92,23.78,29136600],
 ["2008-05-14",21.71,22.64,21.44,22.07,18778700],
 ["2008-05-13",22.00,22.00,21.28,21.44,21352700],
 ["2008-05-12",22.82,22.82,21.67,21.89,25166300],
 ["2008-05-09",22.01,23.43,21.97,22.53,50758800],
 ["2008-05-08",22.18,22.25,21.01,21.95,34000000],
 ["2008-05-07",22.59,22.89,21.82,22.01,17890800],
 ["2008-05-06",21.90,22.58,21.56,22.53,18225900],
 ["2008-05-05",22.37,22.47,21.91,21.96,23584800],
 ["2008-05-02",22.09,22.52,21.76,22.52,28275400],
 ["2008-05-01",20.80,21.55,20.70,21.50,25365600],
 ["2008-04-30",20.44,20.77,20.30,20.55,26708000],
 ["2008-04-29",19.57,20.45,19.57,20.20,14335200],
 ["2008-04-28",20.06,20.36,19.71,19.79,13392500],
 ["2008-04-25",20.14,20.20,19.51,20.15,13805200],
 ["2008-04-24",20.56,20.66,19.65,19.95,16394100],
 ["2008-04-23",19.77,20.66,19.51,20.44,25512400],
 ["2008-04-22",19.51,19.72,19.08,19.50,14691700],
 ["2008-04-21",18.87,20.00,18.87,19.87,16997300],
 ["2008-04-18",19.15,19.32,18.76,19.02,14338500],
 ["2008-04-17",17.97,18.65,17.96,18.58,14924200],
 ["2008-04-16",18.81,19.08,18.48,18.84,16170900],
 ["2008-04-15",18.00,18.19,17.61,18.12,10997900],
 ["2008-04-14",18.46,18.50,17.80,17.91,19500100],
 ["2008-04-11",19.50,19.62,18.41,18.53,27657000],
 ["2008-04-10",19.71,20.51,19.29,19.88,27304600],
 ["2008-04-09",19.34,19.70,19.16,19.50,16880800],
 ["2008-04-08",19.00,19.74,19.00,19.12,15986900],
 ["2008-04-07",19.24,19.52,19.08,19.23,18237400],
 ["2008-04-04",19.58,19.68,18.73,18.78,38388200],
 ["2008-04-03",20.19,20.22,19.39,19.98,21049600],
 ["2008-04-02",21.06,21.06,20.20,20.36,15413400],
 ["2008-04-01",20.38,21.05,20.09,21.00,16921800],
 ["2008-03-31",19.89,20.26,19.54,19.79,14249800],
 ["2008-03-28",19.74,20.19,19.54,19.68,14044700],
 ["2008-03-27",19.37,19.92,19.07,19.39,15032700],
 ["2008-03-26",20.05,20.19,19.45,19.67,18041300],
 ["2008-03-25",20.12,20.70,19.93,20.32,18384700],
 ["2008-03-24",18.93,20.14,18.86,20.03,22186000],
 ["2008-03-20",17.87,18.56,17.55,18.52,15836500],
 ["2008-03-19",18.53,18.79,17.66,17.66,22011900],
 ["2008-03-18",18.28,19.00,17.76,18.97,26881400],
 ["2008-03-17",17.52,18.48,17.31,17.86,20023800],
 ["2008-03-14",19.80,19.82,18.18,18.32,28874300],
 ["2008-03-13",18.23,19.98,18.12,19.70,30513200],
 ["2008-03-12",19.22,19.39,18.36,18.52,18583000],
 ["2008-03-11",19.00,19.23,18.24,19.04,21448500],
 ["2008-03-10",19.31,19.55,18.40,18.43,19402500],
 ["2008-03-07",19.48,20.32,19.00,19.55,19187500],
 ["2008-03-06",20.91,21.05,19.81,19.84,26882100],
 ["2008-03-05",21.13,21.67,20.91,21.17,16116400],
 ["2008-03-04",21.00,21.04,20.11,20.93,19472200],
 ["2008-03-03",21.36,21.51,20.86,21.14,11225700],
 ["2008-02-29",21.63,21.92,21.30,21.39,13514400],
 ["2008-02-28",22.65,22.69,21.99,21.99,12590200],
 ["2008-02-27",22.39,23.03,22.25,22.85,13445400],
 ["2008-02-26",22.18,22.84,21.84,22.50,14135500],
 ["2008-02-25",22.30,22.56,21.72,22.31,16794600],
 ["2008-02-22",21.46,22.36,21.30,22.32,18076300],
 ["2008-02-21",22.00,22.11,21.16,21.29,16106800],
 ["2008-02-20",21.30,22.10,21.21,21.78,18975400],
 ["2008-02-19",22.68,22.72,21.75,21.94,13965200],
 ["2008-02-15",22.52,23.13,21.91,22.27,20434100],
 ["2008-02-14",26.23,26.25,22.55,22.61,54528600],
 ["2008-02-13",26.20,27.10,25.92,27.02,18557800],
 ["2008-02-12",25.45,26.36,25.31,26.00,15242200],
 ["2008-02-11",25.20,25.61,24.90,25.07,12593300],
 ["2008-02-08",24.32,25.18,24.00,24.99,9848300],
 ["2008-02-07",23.61,25.24,23.10,24.55,16603200],
 ["2008-02-06",24.65,25.33,23.86,24.31,13934500],
 ["2008-02-05",25.50,25.51,24.38,24.39,12373200],
 ["2008-02-04",27.44,27.59,25.88,26.02,14128200],
 ["2008-02-01",24.54,27.00,24.33,26.86,14827600],
 ["2008-01-31",24.64,25.05,23.83,24.59,14717700],
 ["2008-01-30",25.00,25.57,24.47,25.19,13261900],
 ["2008-01-29",25.09,25.51,24.44,25.41,10362100],
 ["2008-01-28",24.86,25.11,24.12,24.65,14440200],
 ["2008-01-25",26.86,27.46,24.83,24.95,17200300],
 ["2008-01-24",24.50,25.88,24.27,25.87,14927300],
 ["2008-01-23",22.64,24.74,22.42,24.03,23247000],
 ["2008-01-22",22.47,24.18,22.33,23.60,17727300],
 ["2008-01-18",23.37,24.97,22.52,24.84,23010700],
 ["2008-01-17",24.08,24.72,23.24,23.30,28347500],
 ["2008-01-16",25.05,25.36,23.16,23.71,36611800],
 ["2008-01-15",27.75,28.08,26.26,26.73,18142300],
 ["2008-01-14",27.45,28.89,27.01,28.85,13479700],
 ["2008-01-11",27.62,28.20,26.85,27.05,14315300],
 ["2008-01-10",28.10,28.74,27.73,28.29,13860800],
 ["2008-01-09",27.84,28.90,27.43,28.89,18525900],
 ["2008-01-08",27.05,29.29,26.42,27.47,27673900],
 ["2008-01-07",30.20,30.45,26.35,26.90,25170000],
 ["2008-01-04",31.77,31.93,29.80,30.00,18402300],
 ["2008-01-03",33.20,33.86,32.63,32.75,11882700],
 ["2008-01-02",34.12,34.25,32.56,33.01,12099100]]
